Target Name,Target No.
SHREYAS SOLARFARMS LIMITED,11771
Shriram Equipment Finance Company Limited,11623
SHRUTI POWER PROJECTS PRIVATE LIMITED,11982
Shui On Development (Holding) Limited,14828
SIBUR HOLDING PAO,17224
Sibur Securities Designated Acitvity Company,11016
"Sichuan Jiulong Hydropower Development Co., Lt",6832
Siderurgica Riograndense SA,4129
Siemens Capital Company LLC,21440
Siemens Financieringsmaatschappij N.V.,16150
SIG Combibloc PurchaseCo S.a r.l.,15311
"Sigma Alimentos, S.A. de C.V.",15564
Sigma Finance Netherlands B.V.,16449
Signet UK Finance PLC,9654
SIGNUM FINANCE CAYMAN II LIMITED,14860
SIGNUM FINANCE III PUBLIC LIMITED COMPANY,10957
Signum Hazel Limited,14730
SIGNUM LIMITED,14673
SIGNUM VERDE LIMITED,14814
"SIIC Shanghai (Holdings) Co.,Ltd.",6626
Sika Capital B.V.,16460
SILICA CERAMICA PRIVATE LIMITED,11749
Silver Arrow S.A.,15164
Silver Standard Resources Inc.,4847
Silver Wheaton Corp.,4616
SILVERBELL ASIA LIMITED,25383
SILVERGATE BANK,22120
SILVERSEA CRUISE FINANCE LTD,4580
Silverstone Master Issuer plc,9382
Silvery castle Ltd,25241
Sime Darby Global Berhad,15942
SIMMONS BANK,22184
Simmons First Capital Trust III,21890
"SIMMONS FOODS, INC.",22833
Simon International Finance S.C.A.,15333
"SIMWON DEVELOPMENT CO.,LTD.",14539
"Sinclair Television Group, Inc.",22199
SINGPOST GROUP TREASURY PTE. LTD.,17988
SingTel Group Treasury Pte. Ltd.,17847
Sino (MTN) Ltd,14911
"Sinochem CP Co., Ltd.",25272
"Sinochem Fertilizer Co., Ltd.",6515
"SINOCHEM GLOBAL CAPITAL CO., LTD.",10495
SINOCHEM HONG KONG (GROUP) COMPANY LIMITED,10387
SINOCHEM INTERNATIONAL DEVELOPMENT PTE. LTD.,17952
Sinochem Offshore Capital Company Limited,25230
Sinochem Overseas Capital Company Limited,10444
"Sino-German Bausparkasse Co., Ltd.",6948
"Sinohydro Bureau 11 Co., Ltd.",6950
"SINOHYDRO BUREAU 14 CO., LTD.",6932
"Sinohydro Bureau 16 Co., Ltd.",7215
"Sinohydro Bureau 5 Co., Ltd.",7020
"SINOHYDRO BUREAU 7 CO., LTD.",6762
"Sinohydro Engineering Bureau 4 Co., Ltd.",6962
Sinohydro Engineering Bureau 8 Corporation Lim,6799
Sino-Ocean Land (Perpetual Finance) Limited,6653
Sino-Ocean Land Capital Finance Limited,25224
Sino-Ocean Land Limited,6473
Sino-Ocean Land Treasure Finance I Limited,25315
Sino-Ocean Land Treasure Finance II Limited,25327
Sino-Ocean Land Treasure III Limited,25388
Sino-Ocean Land Treasure Iv Limited,10602
Sinopec Capital (2013) Limited,25284
Sinopec Century Bright Capital Investment Limi,10410
SINOSING SERVICES PTE. LTD.,17984
Sinotrans Sailing Ltd,25311
Sirio Blue Vision Srl,12291
SIRIUS MINERALS FINANCE LIMITED,9799
SIRIUS MINERALS FINANCE NO.2 LIMITED,9915
Sirius Real Estate Ltd,9984
Sirius Satellite Radio Inc,1727
SISAL GROUP S.P.A.,12313
SISAL PAY S.P.A.,12368
Sistema Shyam TeleServices Limited,11521
"SITKA HOLDINGS, LLC",15051
SIX FLAGS THEME PARKS INC.,21166
"SK Advanced Co.,Ltd.",14438
"SK BATTERY AMERICA, INC.",25032
"SK bioscience Co.,Ltd.",14549
"SK Global Chemical Co., Ltd",14368
SK Global Chemical Investment Hong Kong Limite,10504
"SK Incheon Petrochem Co.,Ltd",14415
"SK LUBRICANTS CO., LTD.",14339
